[
W0  [195, 44, 92, 166],
W1  [181, 128, 94, 12], 
W2  [219, 141, 165, 122], 
W3  [42, 182, 254, 92], 

W4  [140, 151, 22, 67], 
W5  [57, 23, 72, 79], 
W6  [226, 154, 237, 53], 
W7  [200, 44, 19, 105], 

W8  [255, 234, 239, 171], 
W9  [198, 253, 167, 228], 
W10 [36, 103, 74, 209], 
W11 [236, 75, 89, 184], 

W12 [72, 33, 131, 101], 
W13 [142, 220, 36, 129], 
W14 [170, 187, 110, 80], 
W15 [70, 240, 55, 232], 

W16 [204, 187, 24, 63], 
W17 [66, 103, 60, 190], 
W18 [232, 220, 82, 238], 
W19 [174, 44, 101, 6], 

W20 [173, 246, 119, 219], 
W21 [239, 145, 75, 101], 
W22 [7, 77, 25, 139], 
W23 [169, 97, 124, 141],

W24 [98, 230, 42, 8], 
W25 [141, 119, 97, 109], 
W26 [138, 58, 120, 230], 
W27 [35, 91, 4, 107], 

W28 [27, 20, 85, 46], 
W29 [150, 99, 52, 67], 
W30 [28, 89, 76, 165], 
W31 [63, 2, 72, 206], 

W32 [236, 70, 222, 91], 
W33 [122, 37, 234, 24], 
W34 [102, 124, 166, 189], 
W35 [89, 126, 238, 115], 

### we are here
W36 [4, 110, 81, 144], 
W37 [126, 75, 187, 136], 
W38 [24, 55, 29, 53], 
W39 [65, 73, 243, 70], 

W40 [9, 99, 11, 19], 
W41 [119, 40, 176, 155], 
W42 [111, 31, 173, 174], 
W43 [46, 86, 94, 232]]